DMSP 5D-3 F16 (USA 172)
1 28054U 03048A   25235.27341277  .00000057  00000+0  53723-4 0  9999
2 28054  99.0133 251.7821 0006094 270.9806 100.2086 14.14367994127378
METEOSAT-9 (MSG-2)
1 28912U 05049B   25235.10183722  .00000109  00000+0  00000+0 0  9999
2 28912   8.6782  57.0182 0000400 243.2428 113.8154  1.00277296  4019
EWS-G1 (GOES 13)
1 29155U 06018A   25235.21447755 -.00000076  00000+0  00000+0 0  9991
2 29155   3.7534  80.0755 0058956 267.2710 263.1596  0.98787881 40304
DMSP 5D-3 F17 (USA 191)
1 29522U 06050A   25235.25020651  .00000072  00000+0  59909-4 0  9993
2 29522  98.7411 242.9298 0009988 180.0724 180.0450 14.14849666970287
FENGYUN 3A
1 32958U 08026A   25232.84785513  .00000052  00000+0  44984-4 0  9997
2 32958  98.6503 174.8933 0007585 274.8769  85.1541 14.19463083892791
GOES 14
1 35491U 09033A   25235.22461758 -.00000085  00000+0  00000+0 0  9991
2 35491   0.9057  87.0097 0003412  91.9658 125.5037  1.00269213  3600
DMSP 5D-3 F18 (USA 210)
1 35951U 09057A   25235.19314941  .00000256  00000+0  15601-3 0  9991
2 35951  98.8664 212.2374 0011679  23.7871 336.3839 14.14676485817455
EWS-G2 (GOES 15)
1 36411U 10008A   25235.11549138  .00000020  00000+0  00000+0 0  9993
2 36411   0.5140  85.3112 0004316 128.6969 220.8893  1.00266625 56643
COMS 1
1 36744U 10032A   25234.55763549 -.00000362  00000+0  00000+0 0  9990
2 36744   4.0560  79.1426 0000783  91.5104 129.2876  1.00269873 48090
FENGYUN 3B
1 37214U 10059A   25235.34742288  .00000063  00000+0  56258-4 0  9995
2 37214  99.0085 274.4339 0021292 312.3727  58.6321 14.14747140765313
SUOMI NPP
1 37849U 11061A   25232.71801609  .00000060  00000+0  49467-4 0  9995
2 37849  98.7590 171.1966 0002513  96.6054 263.5408 14.19554119715813
METEOSAT-10 (MSG-3)
1 38552U 12035B   25235.25044510 -.00000022  00000+0  00000+0 0  9995
2 38552   3.9618  61.9649 0000196   2.3163 357.7596  1.00270410 47860
METOP-B
1 38771U 12049A   25235.15099196  .00000078  00000+0  55007-4 0  9994
2 38771  98.5715 287.2468 0002001 110.1688 249.9705 14.21475337670925
INSAT-3D
1 39216U 13038B   25232.78699806 -.00000358  00000+0  00000+0 0  9998
2 39216   1.1453  86.5987 0000880 118.1059 177.5162  1.00273579 44068
FENGYUN 3C
1 39260U 13052A   25235.28570252  .00000079  00000+0  61321-4 0  9991
2 39260  98.4606 218.4786 0015072 156.7226 203.4635 14.15645037616412
METEOR-M 2
1 40069U 14037A   25235.24189432  .00000081  00000+0  56191-4 0  9998
2 40069  98.4742 217.1756 0005761 170.3805 189.7485 14.21321141576995
HIMAWARI-8
1 40267U 14060A   25234.58377373 -.00000293  00000+0  00000+0 0  9992
2 40267   0.0276 210.4662 0001179 318.0836 153.3778  1.00273177 39750
FENGYUN 2G
1 40367U 14090A   25235.05161778 -.00000318  00000+0  00000+0 0  9997
2 40367   4.8808  76.4490 0004285 163.2000 210.1696  1.00266976 39016
METEOSAT-11 (MSG-4)
1 40732U 15034A   25235.24489274  .00000046  00000+0  00000+0 0  9994
2 40732   2.4518  72.2979 0000505  76.1878 280.8491  1.00266147  4228
ELEKTRO-L 2
1 41105U 15074A   25235.24316434 -.00000132  00000+0  00000+0 0  9997
2 41105   5.9391  74.1966 0001842 168.4068 162.2346  1.00272440 35519
INSAT-3DR
1 41752U 16054A   25235.04659109 -.00000094  00000+0  00000+0 0  9998
2 41752   0.0914  93.5965 0011281 168.8224 159.9357  1.00271629 32828
HIMAWARI-9
1 41836U 16064A   25235.27393115  .00000000  00000+0  00000+0 0  9995
2 41836   0.0234 142.1119 0001178  40.2227  28.8543  1.00267739 32220
GOES 16
1 41866U 16071A   25235.22522425 -.00000108  00000+0  00000+0 0  9999
2 41866   0.0679  97.3202 0001869 100.5869 110.2162  1.00272598 32119
FENGYUN 4A
1 41882U 16077A   25234.84232655 -.00000374  00000+0  00000+0 0  9998
2 41882   1.5587  83.5285 0006494 165.4761 149.3182  1.00273610 31939
CYGFM05
1 41884U 16078A   25232.86720913  .00012713  00000+0  28705-3 0  9995
2 41884  34.9604  67.7464 0008714 206.9257 153.1012 15.42301923482140
CYGFM04
1 41885U 16078B   25234.60922385  .00012331  00000+0  25906-3 0  9993
2 41885  34.9365  33.9836 0008305 246.7470 113.2376 15.44439204482560
CYGFM02
1 41886U 16078C   25232.82829910  .00014923  00000+0  30390-3 0  9998
2 41886  34.9449  45.2708 0009546 224.8438 135.1512 15.45309538482402
CYGFM01
1 41887U 16078D   25234.84135746  .00011818  00000+0  26281-3 0  9994
2 41887  34.9438  58.0618 0008340 213.1158 146.9041 15.42768787482380
CYGFM08
1 41888U 16078E   25232.90529713  .00013656  00000+0  29361-3 0  9995
2 41888  34.9467  54.7764 0010242 218.6306 141.3682 15.43724905482304
CYGFM07
1 41890U 16078G   25232.82146020  .00014206  00000+0  29927-3 0  9995
2 41890  34.9488  44.9430 0008587 236.7774 123.2124 15.44335344482306
CYGFM03
1 41891U 16078H   25232.83854371  .00014001  00000+0  29772-3 0  9993
2 41891  34.9442  46.6008 0007391 222.4697 137.5451 15.44073517482284
FENGYUN 3D
1 43010U 17072A   25235.31117976  .00000052  00000+0  46395-4 0  9994
2 43010  98.9684 200.0596 0001762 141.0744 219.0559 14.19634256402720
NOAA 20 (JPSS-1)
1 43013U 17073A   25235.27143947  .00000046  00000+0  42757-4 0  9991
2 43013  98.7421 172.8907 0002070  77.0119 283.1289 14.19553455402205
GOES 17
1 43226U 18022A   25235.22825760 -.00000199  00000+0  00000+0 0  9997
2 43226   0.1666  95.3600 0002140 143.7189  85.3591  1.00271676 27438
FENGYUN 2H
1 43491U 18050A   25235.11895807 -.00000146  00000+0  00000+0 0  9991
2 43491   2.2592  82.6482 0002532 128.3380 242.8276  1.00271636 26454
METOP-C
1 43689U 18087A   25235.25626234  .00000097  00000+0  64148-4 0  9993
2 43689  98.7101 294.6302 0000628  25.2730 334.8478 14.21482709352509
GEO-KOMPSAT-2A
1 43823U 18100A   25235.23864360  .00000000  00000+0  00000+0 0  9997
2 43823   0.0260 116.1938 0001969 357.0456  72.7208  1.00269156 24646
METEOR-M2 2
1 44387U 19038A   25235.24754575  .00000090  00000+0  58886-4 0  9990
2 44387  98.8809 213.6871 0001935 122.9957 237.1408 14.24226248318889
ARKTIKA-M 1
1 47719U 21016A   25230.93678728 -.00000168  00000+0  00000+0 0  9994
2 47719  63.1561  99.5309 7142003 268.7837  16.2357  2.00608413 32727
FENGYUN 3E
1 49008U 21062A   25235.26331031  .00000006  00000+0  23432-4 0  9991
2 49008  98.7457 237.0926 0001077 179.8500 180.2677 14.19858419214308
GOES 18
1 51850U 22021A   25235.21889756  .00000080  00000+0  00000+0 0  9995
2 51850   0.0052  71.9900 0000586 157.8359  43.7238  1.00272273  3601
NOAA 21 (JPSS-2)
1 54234U 22150A   25235.23696937  .00000044  00000+0  41845-4 0  9993
2 54234  98.7285 173.0371 0001334   5.3072 354.8118 14.19551929144273
METEOSAT-12 (MTG-I1)
1 54743U 22170C   25235.25044510 -.00000024  00000+0  00000+0 0  9998
2 54743   0.6670  29.2683 0001672 113.5816 278.6794  1.00271205  9993
TIANMU-1 03
1 55973U 23039A   25235.35633303  .00009601  00000+0  27003-3 0  9999
2 55973  97.5068  35.3068 0004895  93.7861 266.3943 15.36702319134931
TIANMU-1 04
1 55974U 23039B   25235.35700876  .00009679  00000+0  26992-3 0  9991
2 55974  97.4997  34.5530 0005667  90.0784 270.1109 15.36961028134930
TIANMU-1 05
1 55975U 23039C   25235.32738806  .00009755  00000+0  27459-3 0  9997
2 55975  97.5044  35.0014 0004681 110.3948 249.7799 15.36671105134910
TIANMU-1 06
1 55976U 23039D   25235.36381958  .00009734  00000+0  27083-3 0  9994
2 55976  97.5056  35.4175 0005049 106.4895 253.6904 15.37034125134932
METEOR-M2 3
1 57166U 23091A   25235.25321153  .00000002  00000+0  20037-4 0  9996
2 57166  98.6553 290.6303 0003235 330.7048  29.3949 14.24007279112112
TIANMU-1 07
1 57399U 23101A   25235.25426155  .00004964  00000+0  19643-3 0  9995
2 57399  97.3056 287.6239 0005944 109.3924 250.7957 15.25888634116140
TIANMU-1 08
1 57400U 23101B   25235.22049007  .00005087  00000+0  20115-3 0  9995
2 57400  97.3044 287.4073 0007912 113.4756 246.7315 15.25885782116133
TIANMU-1 09
1 57401U 23101C   25235.20668841  .00004944  00000+0  19587-3 0  9999
2 57401  97.2999 286.9725 0007117 112.6205 247.5787 15.25843735116131
TIANMU-1 10
1 57402U 23101D   25235.24008211  .00005379  00000+0  21282-3 0  9991
2 57402  97.3081 287.7379 0008977 113.3519 246.8665 15.25829751116139
FENGYUN 3F
1 57490U 23111A   25235.25059904  .00000050  00000+0  44277-4 0  9996
2 57490  98.7225 305.2659 0000912 114.1732 245.9540 14.19853206106589
ARKTIKA-M 2
1 58584U 23198A   25233.17391241  .00000110  00000+0  00000+0 0  9996
2 58584  63.2291 187.2530 6865835 268.5700  18.6122  2.00593743 12309
TIANMU-1 11
1 58645U 23205A   25235.16625821  .00003930  00000+0  17115-3 0  9990
2 58645  97.3706 256.8173 0008841 346.7436  13.3567 15.22764397 92101
TIANMU-1 12
1 58646U 23205B   25234.52760398  .00004489  00000+0  19528-3 0  9999
2 58646  97.3694 256.0344 0006691 338.7910  21.3048 15.22739927 91999
TIANMU-1 13
1 58647U 23205C   25234.49580640  .00004367  00000+0  19022-3 0  9990
2 58647  97.3724 256.1611 0006250 313.7583  46.3136 15.22714267 91986
TIANMU-1 14
1 58648U 23205D   25234.60982802  .00004214  00000+0  18415-3 0  9996
2 58648  97.3653 255.7262 0007318 314.3227  45.7409 15.22611176 92008
TIANMU-1 19
1 58660U 23208A   25234.90581047  .00005764  00000+0  23343-3 0  9999
2 58660  97.4328 346.4684 0004284 296.3053  63.7745 15.25058198 91760
TIANMU-1 20
1 58661U 23208B   25234.91443573  .00005868  00000+0  22914-3 0  9990
2 58661  97.4266 346.8146 0006790 306.9474  53.1142 15.26261186 91823
TIANMU-1 21
1 58662U 23208C   25234.94878584  .00006549  00000+0  24001-3 0  9994
2 58662  97.4311 348.3006 0006312 302.7675  57.2956 15.28325684 91907
TIANMU-1 22
1 58663U 23208D   25234.96005957  .00005242  00000+0  21302-3 0  9993
2 58663  97.4324 346.6157 0003198 331.6088  28.4975 15.24991830 91783
TIANMU-1 15
1 58700U 24004A   25234.94086185  .00004238  00000+0  18520-3 0  9992
2 58700  97.4670  56.9514 0005858 335.2055  24.8899 15.22631519 90323
TIANMU-1 16
1 58701U 24004B   25234.92339296  .00004494  00000+0  19595-3 0  9992
2 58701  97.4606  56.4209 0006328 340.6750  19.4246 15.22674299 90322
TIANMU-1 17
1 58702U 24004C   25232.60219692  .00004423  00000+0  19250-3 0  9993
2 58702  97.4643  54.4864 0005097 350.8356   9.2786 15.22750450 89964
TIANMU-1 18
1 58703U 24004D   25234.95490382  .00004011  00000+0  17500-3 0  9990
2 58703  97.4659  56.9845 0004592 331.8252  28.2735 15.22721525 90329
INSAT-3DS
1 58990U 24033A   25234.86572519 -.00000173  00000+0  00000+0 0  9992
2 58990   0.0897 272.3940 0001220 263.3094 189.4365  1.00271317 44079
METEOR-M2 4
1 59051U 24039A   25234.92841867  .00000002  00000+0  20453-4 0  9998
2 59051  98.6549 193.7059 0006345 321.6307  38.4419 14.22376018 76867
GOES 19
1 60133U 24119A   25234.87422002 -.00000266  00000+0  00000+0 0  9994
2 60133   0.0086  70.4283 0000671 180.8734 319.6223  1.00270588  3974