DMSP 5D-3 F16 (USA 172)
1 28054U 03048A   25265.84885359  .00000237  00000+0  14748-3 0  9992
2 28054  99.0123 282.6318 0007216 175.6958 271.3789 14.14379550131698
METEOSAT-9 (MSG-2)
1 28912U 05049B   25265.78540633  .00000123  00000+0  00000+0 0  9990
2 28912   8.7486  56.7233 0001523 203.9274  69.8291  1.00278480  4325
DMSP 5D-3 F17 (USA 191)
1 29522U 06050A   25265.72974824  .00000274  00000+0  16414-3 0  9995
2 29522  98.7420 272.7884 0011242  98.8346 261.4101 14.14864594974593
FENGYUN 3A
1 32958U 08026A   25265.55461935  .00000155  00000+0  93990-4 0  9995
2 32958  98.6548 206.8517 0008705 172.0257 188.1059 14.19473786897435
GOES 14
1 35491U 09033A   25265.62847594 -.00000073  00000+0  00000+0 0  9991
2 35491   0.9840  86.4722 0003741 107.5888 285.5597  1.00270727  3916
DMSP 5D-3 F18 (USA 210)
1 35951U 09057A   25265.81764738  .00000385  00000+0  22317-3 0  9991
2 35951  98.8719 242.6646 0010073 294.6141  65.3983 14.14700144821781
EWS-G2 (GOES 15)
1 36411U 10008A   25265.75266189  .00000033  00000+0  00000+0 0  9992
2 36411   0.5990  85.4498 0005136 138.2868 110.4264  1.00272311 56959
COMS 1
1 36744U 10032A   25265.53578391 -.00000348  00000+0  00000+0 0  9995
2 36744   4.1373  78.8127 0000726  84.1446 159.7111  1.00274542 48405
FENGYUN 3B
1 37214U 10059A   25266.05035005  .00000171  00000+0  11240-3 0  9990
2 37214  99.0042 305.4077 0021456 221.6211 195.7474 14.14756284769654
SUOMI NPP
1 37849U 11061A   25265.84657554  .00000207  00000+0  11908-3 0  9994
2 37849  98.7629 203.9713 0002076  48.2252 311.9101 14.19519212720513
METEOSAT-10 (MSG-3)
1 38552U 12035B   25265.65005604 -.00000008  00000+0  00000+0 0  9997
2 38552   4.0334  61.8862 0000221 209.1930 324.9272  1.00276216 48173
METOP-B
1 38771U 12049A   25265.77049920  .00000176  00000+0  10048-3 0  9999
2 38771  98.6440 317.0713 0002268  56.9596 303.1799 14.21463788675272
INSAT-3D
1 39216U 13038B   25265.72683601 -.00000344  00000+0  00000+0 0  9999
2 39216   1.2300  86.0525 0002069 132.7673 174.2049  1.00268767 44395
FENGYUN 3C
1 39260U 13052A   25265.96034100  .00000202  00000+0  12372-3 0  9995
2 39260  98.4659 247.6185 0015864  73.9161 286.3759 14.15656235620755
METEOR-M 2
1 40069U 14037A   25266.00526721  .00000304  00000+0  15826-3 0  9999
2 40069  98.4796 246.7209 0006959  92.1383 268.0592 14.21335650581364
HIMAWARI-8
1 40267U 14060A   25265.74920317 -.00000281  00000+0  00000+0 0  9993
2 40267   0.0149 179.6727 0001185  19.4575 213.1050  1.00272876 40065
FENGYUN 2G
1 40367U 14090A   25265.96140623 -.00000304  00000+0  00000+0 0  9991
2 40367   4.9592  76.0562 0003349 178.2161 193.4584  1.00276856 39328
METEOSAT-11 (MSG-4)
1 40732U 15034A   25265.65178939  .00000058  00000+0  00000+0 0  9998
2 40732   2.5281  72.1983 0000646 140.7878  32.7119  1.00275649  4536
ELEKTRO-L 2
1 41105U 15074A   25265.78985003 -.00000119  00000+0  00000+0 0  9998
2 41105   6.0163  73.8058 0002476 173.2501  24.6808  1.00271326 35826
INSAT-3DR
1 41752U 16054A   25265.88326590 -.00000082  00000+0  00000+0 0  9995
2 41752   0.0712  89.6640 0012369 174.0088 130.3012  1.00272614 33136
HIMAWARI-9
1 41836U 16064A   25265.32104328 -.00000283  00000+0  00000+0 0  9994
2 41836   0.0166 120.3457 0001488  82.5326  54.8835  1.00264015 32520
GOES 16
1 41866U 16071A   25265.62925595 -.00000097  00000+0  00000+0 0  9998
2 41866   0.1094  80.0132 0002303 134.0138 269.5645  1.00271438 32427
FENGYUN 4A
1 41882U 16077A   25265.88857333 -.00000361  00000+0  00000+0 0  9998
2 41882   1.6386  83.1219 0006379 160.1969 202.3061  1.00272914 32252
CYGFM05
1 41884U 16078A   25265.54409741  .00022979  00000+0  49869-3 0  9998
2 41884  34.9597 215.8342 0008465 157.7353 202.3736 15.43394134487192
CYGFM04
1 41885U 16078B   25265.49537309  .00026250  00000+0  52819-3 0  9990
2 41885  34.9350 192.9633 0008236 186.7213 173.3398 15.45591803487343
CYGFM02
1 41886U 16078C   25265.50357826  .00028100  00000+0  54230-3 0  9992
2 41886  34.9438 192.3232 0009554 181.4678 178.6016 15.46777089487462
CYGFM01
1 41887U 16078D   25265.56764930  .00023961  00000+0  51215-3 0  9997
2 41887  34.9431 218.6165 0007683 146.6624 213.4581 15.43842658487139
CYGFM08
1 41888U 16078E   25265.22811166  .00024267  00000+0  50036-3 0  9995
2 41888  34.9458 204.6628 0009894 168.0547 192.0409 15.44874850487306
CYGFM07
1 41890U 16078G   25265.51869792  .00026862  00000+0  54127-3 0  9996
2 41890  34.9475 192.1964 0008783 192.1994 167.8515 15.45542084487368
CYGFM03
1 41891U 16078H   25265.21848521  .00023770  00000+0  48437-3 0  9993
2 41891  34.9430 195.9944 0007251 175.8678 184.2103 15.45246590487296
FENGYUN 3D
1 43010U 17072A   25265.96989937  .00000196  00000+0  11427-3 0  9998
2 43010  98.9746 231.1232 0002552  88.7016 271.4452 14.19644811407073
NOAA 20 (JPSS-1)
1 43013U 17073A   25265.57961071  .00000137  00000+0  85784-4 0  9991
2 43013  98.7456 202.8195 0001277  38.5460 321.5807 14.19562229406504
GOES 17
1 43226U 18022A   25265.63220263 -.00000188  00000+0  00000+0 0  9990
2 43226   0.2452  92.1179 0002539 151.4898 256.2221  1.00271191 27748
FENGYUN 2H
1 43491U 18050A   25265.88815793 -.00000131  00000+0  00000+0 0  9998
2 43491   2.3380  82.2415 0002787 134.0573 184.5896  1.00269275 26751
METOP-C
1 43689U 18087A   25265.80487317  .00000189  00000+0  10624-3 0  9995
2 43689  98.7052 324.7628 0001068 159.0499 201.0722 14.21494293356846
GEO-KOMPSAT-2A
1 43823U 18100A   25265.53443071 -.00000350  00000+0  00000+0 0  9994
2 43823   0.0423  31.1550 0001575 100.9808 190.1724  1.00271797 24947
METEOR-M2 2
1 44387U 19038A   25266.01827079  .00000289  00000+0  14497-3 0  9998
2 44387  98.8865 244.7947 0002334  76.0568 284.0870 14.24239105323269
ARKTIKA-M 1
1 47719U 21016A   25246.38975133 -.00000134  00000+0  00000+0 0  9993
2 47719  63.1607  97.4931 7149598 268.8202  16.1856  2.00602919 33032
FENGYUN 3E
1 49008U 21062A   25265.98784300  .00000066  00000+0  51693-4 0  9990
2 49008  98.7477 267.4574 0002482 117.4748 242.6681 14.19863137218663
GOES 18
1 51850U 22021A   25265.76540992  .00000091  00000+0  00000+0 0  9996
2 51850   0.0454  24.6505 0000476 233.0467 242.7200  1.00271950  3913
NOAA 21 (JPSS-2)
1 54234U 22150A   25265.68614616  .00000129  00000+0  81862-4 0  9996
2 54234  98.7320 203.0583 0000882 189.1337 170.9823 14.19560999148590
METEOSAT-12 (MTG-I1)
1 54743U 22170C   25265.86405057 -.00000013  00000+0  00000+0 0  9993
2 54743   0.6650  25.9142 0001786 123.2710 163.4769  1.00269713 10290
TIANMU-1 03
1 55973U 23039A   25266.01725638  .00024756  00000+0  67179-3 0  9995
2 55973  97.5101  66.6267 0003274 358.6595   1.4640 15.37596468139646
TIANMU-1 04
1 55974U 23039B   25266.01263478  .00024908  00000+0  66991-3 0  9995
2 55974  97.5030  65.8508 0003938 350.6941   9.4230 15.37868856139647
TIANMU-1 05
1 55975U 23039C   25265.98892816  .00025695  00000+0  69777-3 0  9994
2 55975  97.5077  66.3107 0003462  22.5968 337.5428 15.37566135139623
TIANMU-1 06
1 55976U 23039D   25266.01799729  .00025030  00000+0  67163-3 0  9999
2 55976  97.5090  66.7421 0003729  14.8486 345.2867 15.37941269139647
METEOR-M2 3
1 57166U 23091A   25266.02887337  .00000068  00000+0  48435-4 0  9990
2 57166  98.6504 320.9238 0003283 212.9259 147.1716 14.24011233116491
TIANMU-1 07
1 57399U 23101A   25266.00541741  .00013105  00000+0  50637-3 0  9996
2 57399  97.3004 317.6736 0004364  28.4901 331.6576 15.26361009120830
TIANMU-1 08
1 57400U 23101B   25266.03727826  .00013136  00000+0  50751-3 0  9993
2 57400  97.2992 317.5164 0006340  24.1327 336.0208 15.26355985120830
TIANMU-1 09
1 57401U 23101C   25266.02415647  .00014020  00000+0  54190-3 0  9992
2 57401  97.2950 317.0630 0005599  26.2245 333.9276 15.26330807120832
TIANMU-1 10
1 57402U 23101D   25265.99225885  .00012447  00000+0  48157-3 0  9998
2 57402  97.3029 317.7967 0007360  22.0942 338.0612 15.26315780120829
FENGYUN 3F
1 57490U 23111A   25266.04568455  .00000138  00000+0  85759-4 0  9990
2 57490  98.7183 335.6035 0001427 106.8989 253.2344 14.19861347110956
ARKTIKA-M 2
1 58584U 23198A   25245.63669142  .00000141  00000+0  00000+0 0  9992
2 58584  63.2042 185.8992 6865009 268.5190  18.6674  2.00594607 12554
TIANMU-1 11
1 58645U 23205A   25266.04681512  .00010280  00000+0  43736-3 0  9994
2 58645  97.3687 287.1262 0008388 217.0416 143.0243 15.23167305 96809
TIANMU-1 12
1 58646U 23205B   25266.00242222  .00011399  00000+0  48657-3 0  9991
2 58646  97.3674 286.9147 0007141 197.0255 163.0743 15.23035887 96782
TIANMU-1 13
1 58647U 23205C   25266.03634494  .00010978  00000+0  46864-3 0  9991
2 58647  97.3702 287.1179 0008082 177.3874 182.7407 15.23036619 96785
TIANMU-1 14
1 58648U 23205D   25266.01906723  .00011190  00000+0  47763-3 0  9993
2 58648  97.3632 286.5246 0008749 183.1229 176.9955 15.23028411 96789
TIANMU-1 19
1 58660U 23208A   25266.00043103  .00017145  00000+0  67527-3 0  9999
2 58660  97.4352  17.3539 0005887 170.6676 189.4673 15.25660141 96505
TIANMU-1 20
1 58661U 23208B   25265.98462764  .00016779  00000+0  63730-3 0  9998
2 58661  97.4291  17.7067 0008011 183.6740 176.4442 15.26859896 96560
TIANMU-1 21
1 58662U 23208C   25265.97610777  .00018778  00000+0  66762-3 0  9996
2 58662  97.4336  19.2680 0007671 179.7186 180.4060 15.29017545 96640
TIANMU-1 22
1 58663U 23208D   25265.99080781  .00015953  00000+0  63076-3 0  9992
2 58663  97.4349  17.4320 0003985 189.1789 170.9377 15.25554022 96517
TIANMU-1 15
1 58700U 24004A   25266.02083112  .00012121  00000+0  51666-3 0  9991
2 58700  97.4669  87.8487 0005925 203.3744 156.7224 15.23078444 95053
TIANMU-1 16
1 58701U 24004B   25266.00247514  .00012707  00000+0  54071-3 0  9991
2 58701  97.4605  87.2930 0006174 210.3249 149.7631 15.23122373 95051
TIANMU-1 17
1 58702U 24004C   25265.98273318  .00012807  00000+0  54615-3 0  9994
2 58702  97.4641  87.6565 0005179 198.5725 161.5324 15.23053105 95046
TIANMU-1 18
1 58703U 24004D   25266.03314902  .00012135  00000+0  51610-3 0  9993
2 58703  97.4660  87.8798 0004896 194.4744 165.6354 15.23158120 95051
INSAT-3DS
1 58990U 24033A   25265.82593142  .00000000  00000+0  00000+0 0  9995
2 58990   0.0219 197.3740 0001374 348.9906 194.9709  1.00269021 44389
METEOR-M2 4
1 59051U 24039A   25266.02070862  .00000082  00000+0  56471-4 0  9990
2 59051  98.6610 224.2526 0006235 216.5259 143.5494 14.22381579 81282
GOES 19
1 60133U 24119A   25265.39767113 -.00000255  00000+0  00000+0 0  9998
2 60133   0.0477 343.3152 0000685 282.7486 163.3997  1.00270700  4278