DMSP 5D-3 F16 (USA 172)
1 28054U 03048A   25235.92048994  .00000045  00000+0  47498-4 0  9990
2 28054  99.0132 252.4351 0006094 268.8296 155.2688 14.14368060127465
METEOSAT-9 (MSG-2)
1 28912U 05049B   25235.61199868  .00000111  00000+0  00000+0 0  9996
2 28912   8.6793  57.0133 0000384 244.7228 296.5115  1.00277590  4026
EWS-G1 (GOES 13)
1 29155U 06018A   25235.71383396 -.00000089  00000+0  00000+0 0  9990
2 29155   3.7547  80.0693 0058944 267.3044  80.7257  0.98788174 40300
DMSP 5D-3 F17 (USA 191)
1 29522U 06050A   25235.95739230  .00000057  00000+0  52057-4 0  9990
2 29522  98.7411 243.6225 0010025 178.0620 182.0594 14.14849768970386
FENGYUN 3A
1 32958U 08026A   25235.80839020  .00000055  00000+0  46584-4 0  9990
2 32958  98.6506 177.7855 0007529 265.0573  94.9743 14.19463629893218
GOES 14
1 35491U 09033A   25235.65273220 -.00000084  00000+0  00000+0 0  9992
2 35491   0.9068  87.0034 0003406  91.8380 280.1773  1.00269267  3612
DMSP 5D-3 F18 (USA 210)
1 35951U 09057A   25235.90041854  .00000252  00000+0  15379-3 0  9998
2 35951  98.8665 212.9399 0011640  21.8710 338.2958 14.14676922817559
EWS-G2 (GOES 15)
1 36411U 10008A   25235.96223669  .00000022  00000+0  00000+0 0  9996
2 36411   0.5162  85.3116 0004310 128.4527 166.7807  1.00266887 56657
COMS 1
1 36744U 10032A   25234.55763549 -.00000362  00000+0  00000+0 0  9990
2 36744   4.0560  79.1426 0000783  91.5104 129.2876  1.00269873 48090
FENGYUN 3B
1 37214U 10059A   25235.99398961  .00000053  00000+0  51251-4 0  9998
2 37214  99.0084 275.0863 0021271 310.4591 111.7384 14.14747259765407
SUOMI NPP
1 37849U 11061A   25232.71801609  .00000060  00000+0  49467-4 0  9995
2 37849  98.7590 171.1966 0002513  96.6054 263.5408 14.19554119715813
METEOSAT-10 (MSG-3)
1 38552U 12035B   25235.90391900 -.00000020  00000+0  00000+0 0  9993
2 38552   3.9633  61.9636 0000214   6.7243 229.2448  1.00270608 47870
METOP-B
1 38771U 12049A   25235.85488519  .00000074  00000+0  53385-4 0  9995
2 38771  98.5714 287.9304 0002010 109.4286 250.7109 14.21475495671020
INSAT-3D
1 39216U 13038B   25235.80555394 -.00000354  00000+0  00000+0 0  9993
2 39216   1.1531  86.5553 0000867 114.1864 191.1502  1.00272513 44099
FENGYUN 3C
1 39260U 13052A   25235.92181561  .00000079  00000+0  60932-4 0  9990
2 39260  98.4607 219.0828 0015107 154.9608 205.2303 14.15645193616505
METEOR-M 2
1 40069U 14037A   25235.94586535  .00000080  00000+0  55715-4 0  9990
2 40069  98.4743 217.8515 0005811 168.3836 191.7477 14.21321350577091
HIMAWARI-8
1 40267U 14060A   25235.84487453 -.00000290  00000+0  00000+0 0  9990
2 40267   0.0222 195.7439 0001191 332.1293 249.2991  1.00272778 39765
FENGYUN 2G
1 40367U 14090A   25236.00001064 -.00000315  00000+0  00000+0 0  9991
2 40367   4.8832  76.4373 0004244 162.9670 192.7537  1.00266668 39014
METEOSAT-11 (MSG-4)
1 40732U 15034A   25235.89836405  .00000048  00000+0  00000+0 0  9999
2 40732   2.4534  72.2960 0000499  78.3763 154.5432  1.00266352  4236
ELEKTRO-L 2
1 41105U 15074A   25235.85878042 -.00000130  00000+0  00000+0 0  9990
2 41105   5.9406  74.1889 0001832 168.0348  24.8445  1.00272483 35527
INSAT-3DR
1 41752U 16054A   25235.93030635 -.00000092  00000+0  00000+0 0  9991
2 41752   0.0937  93.5291 0011260 168.8090 119.0256  1.00271792 32830
HIMAWARI-9
1 41836U 16064A   25235.84496119  .00000000  00000+0  00000+0 0  9996
2 41836   0.0240 141.9623 0001206  38.8382 236.5184  1.00267568 32220
GOES 16
1 41866U 16071A   25235.86766796 -.00000106  00000+0  00000+0 0  9998
2 41866   0.0694  97.2002 0001866 100.5854 342.2531  1.00272682 32126
FENGYUN 4A
1 41882U 16077A   25234.84232655 -.00000374  00000+0  00000+0 0  9998
2 41882   1.5587  83.5285 0006494 165.4761 149.3182  1.00273610 31939
CYGFM05
1 41884U 16078A   25235.90941624  .00011812  00000+0  26613-3 0  9992
2 41884  34.9609  48.0320 0009064 233.9871 126.0010 15.42374298482613
CYGFM04
1 41885U 16078B   25235.83736308  .00012925  00000+0  27116-3 0  9991
2 41885  34.9365  25.9974 0008337 257.2355 102.7434 15.44471192482759
CYGFM02
1 41886U 16078C   25235.79996050  .00014071  00000+0  28578-3 0  9996
2 41886  34.9452  25.9218 0009863 250.9381 109.0272 15.45391564482869
CYGFM01
1 41887U 16078D   25235.87670336  .00012105  00000+0  26890-3 0  9993
2 41887  34.9441  51.3463 0008516 222.5442 137.4619 15.42793720482542
CYGFM08
1 41888U 16078E   25235.88001980  .00012760  00000+0  27369-3 0  9997
2 41888  34.9472  35.4551 0010486 245.2438 114.7192 15.43801600482760
CYGFM07
1 41890U 16078G   25235.79500669  .00013503  00000+0  28374-3 0  9991
2 41890  34.9492  25.6111 0008844 261.9513  98.0204 15.44413794482764
CYGFM03
1 41891U 16078H   25235.81259501  .00013113  00000+0  27816-3 0  9998
2 41891  34.9443  27.2721 0007748 248.0592 111.9305 15.44149918482740
FENGYUN 3D
1 43010U 17072A   25235.94550047  .00000060  00000+0  50056-4 0  9991
2 43010  98.9685 200.7022 0001784 140.0570 220.0737 14.19634380402810
NOAA 20 (JPSS-1)
1 43013U 17073A   25235.83531418  .00000045  00000+0  42114-4 0  9993
2 43013  98.7422 173.4474 0002054  76.1370 284.0034 14.19553557402282
GOES 17
1 43226U 18022A   25235.87061464 -.00000197  00000+0  00000+0 0  9999
2 43226   0.1683  95.3072 0002132 143.6015 317.4107  1.00271621 27441
FENGYUN 2H
1 43491U 18050A   25235.99472683 -.00000144  00000+0  00000+0 0  9998
2 43491   2.2614  82.6372 0002515 127.6211 199.6953  1.00271658 26458
METOP-C
1 43689U 18087A   25235.81937264  .00000092  00000+0  61934-4 0  9998
2 43689  98.7100 295.1858 0000589  24.3353 335.7852 14.21482825352580
GEO-KOMPSAT-2A
1 43823U 18100A   25235.84244785  .00000000  00000+0  00000+0 0  9997
2 43823   0.0267 116.7933 0002031 356.4242 290.7071  1.00268904 24641
METEOR-M2 2
1 44387U 19038A   25235.95007684  .00000099  00000+0  62501-4 0  9998
2 44387  98.8810 214.3971 0001964 121.9542 238.1828 14.24226464318989
ARKTIKA-M 1
1 47719U 21016A   25230.93678728 -.00000168  00000+0  00000+0 0  9994
2 47719  63.1561  99.5309 7142003 268.7837  16.2357  2.00608413 32727
FENGYUN 3E
1 49008U 21062A   25235.96800253  .00000002  00000+0  21595-4 0  9999
2 49008  98.7457 237.7889 0001115 178.0865 182.0316 14.19858471214400
GOES 18
1 51850U 22021A   25235.74350322  .00000081  00000+0  00000+0 0  9996
2 51850   0.0083  44.5246 0000578 185.9609 232.4407  1.00272491  3613
NOAA 21 (JPSS-2)
1 54234U 22150A   25235.80084483  .00000041  00000+0  40113-4 0  9997
2 54234  98.7285 173.5930 0001306   3.5560 356.5625 14.19551977144354
METEOSAT-12 (MTG-I1)
1 54743U 22170C   25235.96081381 -.00000022  00000+0  00000+0 0  9991
2 54743   0.6677  29.3638 0001694 113.1335 175.4640  1.00271417  9996
TIANMU-1 03
1 55973U 23039A   25235.94238019  .00009289  00000+0  26125-3 0  9995
2 55973  97.5071  35.9048 0004906  92.0837 268.0969 15.36712628135029
TIANMU-1 04
1 55974U 23039B   25235.94295734  .00009489  00000+0  26457-3 0  9993
2 55974  97.5000  35.1506 0005673  88.4005 271.7889 15.36971603135023
TIANMU-1 05
1 55975U 23039C   25235.97856428  .00009318  00000+0  26230-3 0  9990
2 55975  97.5046  35.6656 0004682 108.8298 251.3454 15.36682792135014
TIANMU-1 06
1 55976U 23039D   25235.94974041  .00009489  00000+0  26397-3 0  9993
2 55976  97.5060  36.0156 0005050 104.7710 255.4094 15.37044630135025
METEOR-M2 3
1 57166U 23091A   25235.95585297  .00000018  00000+0  26754-4 0  9993
2 57166  98.6551 291.3221 0003193 328.4512  31.6475 14.24007360112212
TIANMU-1 07
1 57399U 23101A   25235.97561669  .00004951  00000+0  19587-3 0  9997
2 57399  97.3054 288.3287 0005952 107.3021 252.8869 15.25894921116257
TIANMU-1 08
1 57400U 23101B   25235.94184620  .00004859  00000+0  19225-3 0  9991
2 57400  97.3041 288.1122 0007923 111.5835 248.6248 15.25892114116247
TIANMU-1 09
1 57401U 23101C   25235.92806398  .00004936  00000+0  19549-3 0  9998
2 57401  97.2997 287.6769 0007132 110.5984 249.6020 15.25850976116243
TIANMU-1 10
1 57402U 23101D   25235.96146501  .00005159  00000+0  20422-3 0  9996
2 57402  97.3078 288.4430 0009004 111.3272 248.8929 15.25836170116247
FENGYUN 3F
1 57490U 23111A   25235.95529414  .00000054  00000+0  45885-4 0  9991
2 57490  98.7224 305.9603 0000920 114.1910 245.9363 14.19853290106688
ARKTIKA-M 2
1 58584U 23198A   25233.17391241  .00000110  00000+0  00000+0 0  9996
2 58584  63.2291 187.2530 6865835 268.5700  18.6122  2.00593743 12309
TIANMU-1 11
1 58645U 23205A   25235.95480197  .00004234  00000+0  18412-3 0  9991
2 58645  97.3706 257.5911 0008745 343.8937  16.2021 15.22770998 92220
TIANMU-1 12
1 58646U 23205B   25234.52760398  .00004489  00000+0  19528-3 0  9999
2 58646  97.3694 256.0344 0006691 338.7910  21.3048 15.22739927 91999
TIANMU-1 13
1 58647U 23205C   25234.49580640  .00004367  00000+0  19022-3 0  9990
2 58647  97.3724 256.1611 0006250 313.7583  46.3136 15.22714267 91986
TIANMU-1 14
1 58648U 23205D   25235.98991560  .00004300  00000+0  18778-3 0  9997
2 58648  97.3650 257.0791 0007233 308.1577  51.9008 15.22623378 92216
TIANMU-1 19
1 58660U 23208A   25235.95561951  .00005737  00000+0  23229-3 0  9990
2 58660  97.4331 347.5107 0004275 291.6329  68.4454 15.25070529 91929
TIANMU-1 20
1 58661U 23208B   25235.89785669  .00005671  00000+0  22147-3 0  9993
2 58661  97.4268 347.7920 0006770 302.8495  57.2092 15.26272640 91973
TIANMU-1 21
1 58662U 23208C   25235.93087902  .00006980  00000+0  25548-3 0  9996
2 58662  97.4312 349.2802 0006271 298.4110  61.6497 15.28339400 92058
TIANMU-1 22
1 58663U 23208D   25235.94429898  .00005548  00000+0  22521-3 0  9999
2 58663  97.4327 347.5928 0003138 327.3584  32.7459 15.25002753 91939
TIANMU-1 15
1 58700U 24004A   25235.99234310  .00004521  00000+0  19730-3 0  9992
2 58700  97.4671  57.9962 0005772 331.1235  28.9681 15.22640856 90487
TIANMU-1 16
1 58701U 24004B   25235.97484429  .00004452  00000+0  19409-3 0  9995
2 58701  97.4606  57.4649 0006242 336.4232  23.6718 15.22683684 90480
TIANMU-1 17
1 58702U 24004C   25232.60219692  .00004423  00000+0  19250-3 0  9993
2 58702  97.4643  54.4864 0005097 350.8356   9.2786 15.22750450 89964
TIANMU-1 18
1 58703U 24004D   25235.94060953  .00004193  00000+0  18278-3 0  9991
2 58703  97.4661  57.9639 0004511 327.8533  32.2427 15.22730043 90476
INSAT-3DS
1 58990U 24033A   25235.93030635 -.00000170  00000+0  00000+0 0  9996
2 58990   0.0873 272.6900 0001230 261.7378 215.0093  1.00271296 44081
METEOR-M2 4
1 59051U 24039A   25235.98358833  .00000016  00000+0  26623-4 0  9991
2 59051  98.6551 194.7423 0006289 318.2513  41.8184 14.22376151 77017
GOES 19
1 60133U 24119A   25235.87347465 -.00000263  00000+0  00000+0 0  9991
2 60133   0.0244 356.1034 0000636 254.7376 320.7953  1.00270464  3989